 0 ->  0
 1 -> 10
 2 -> 20
 3 ->  5
 4 -> 15
 5 -> 16
 6 ->  1
 7 -> 11
 8 -> 21
 9 ->  6
10 ->  7
11 -> 17
12 ->  2
13 -> 12
14 -> 22
15 -> 23
16 ->  8
17 -> 18
18 ->  3
19 -> 13
20 -> 14
21 -> 24
22 ->  9
23 -> 19
24 ->  4

16

mov E( 0), A( 0)
mov E(10), A( 1)
mov E( 5), A( 3)
mov E(15), A( 4)
mov E( 1), A( 6)
mov E(11), A( 7)
mov E( 6), A( 9)
mov E( 7), A(10)
mov E( 2), A(12)
mov E(12), A(13)



mov E(17), A(11)

mov E(22), A(14)

mov E(17), A(11)
mov E(21), A( 8)

mov E(16), A( 5)
mov E(20), A( 2)





  0   1   2   3   4     0  10  20   5  15
  5   6   7   8   9    16   1  11  21   6
 10  11  12  13  14     7  17   2  12  22
 15  16  17  18  19    23   8  18   3  13
 20  21  22  23  24    14  24   9  19   4


  0   1   2   3         0  10  20   5  15
  5   6   7   8        16   1  11  21   6
 10  11  12  13         7  17   2  12  22
 15  16  17  18        23   8  18   3  13
 20  21  22  23                          

y0003
y0508
y1013
y1518
y2023


  0  10  20   5
 15  16   1  11
 21   6   7  17
  2  12  22  23
  8  18   3  13




0,0  1,3  2,1  3,4  4,2
0,2  1,0  2,3  3,1  4,4
0,4  1,2  2,0  3,3  4,1
0,1  1,4  2,2  3,0  4,3
0,3  1,1  2,4  3,2  4,0


0,0  1,3  2,1  3,4    4,2
0,2  1,0  2,3  3,1    4,4
0,4  1,2  2,0  3,3    4,1
0,1  1,4  2,2  3,0    4,3

0,3  1,1  2,4  3,2    4,0




0,0  0,1  0,2  0,3  0,4
1,0  1,1  1,2  1,3  1,4
2,0  2,1  2,2  2,3  2,4
3,0  3,1  3,2  3,3  3,4
4,0  4,1  4,2  4,3  4,4



0, 1, 2, 3   2, 3, 4, 5
5, 6, 7, 8   6, 7, 8, 9
10,11,12,13 11,12,13,14
15,16,17,18 16,17,18,19
20,21,22,23 21,22,23,24


 0  10  20   5
15  16   1  11
21   6   7  17
 2  12  22  

4x4 matrix transform + blends:

  0   5  10  15   4     0  10  __   5  15
  1   6  11  16   9    16   1  11   6  __
  2   7  12  17  14     7  17   2  12  __
  3   8  13  18  19    __   8  18   3  13
 20  21  22  23  24    __  __ __   __  __

0 1 2 3
4 5 6 7 
8 9 A B
C D E F

0 4 8 C
1 5 9 D
2 6 A E
3 7 B F



mov E( 0), A( 0)
mov E( 1), A( 6)
mov E( 2), A(12)
mov E( 5), A( 3)
mov E( 6), A( 9)
mov E( 7), A(10)

mov E(10), A( 1)
mov E(11), A( 7)
mov E(12), A(13)
mov E(15), A( 4)

mov E( 3), A(18)
mov E( 4), A(24)
mov E( 8), A(16)
mov E( 9), A(22)
mov E(13), A(19)
mov E(14), A(20)

mov E(18), A(17)
mov E(24), A(21)
mov E(19), A(23)

mov E(20), A(2)
mov E(16), A(5)
mov E(21), A(8)
mov E(17), A(11)
mov E(22), A(14)
mov E(23), A(15)
