   0   0
   1   1
   2  62
   3  28

   4  27
   5  36
   6  44
   7   6

   8  55
   9  20
  10   3
  11  10

  12  43
  13  25
  14  39
  15  41

  16  45
  17  15
  18  21
  19   8

  20  18
  21   2
  22  61
  23  56

  24  14



 0   0
 1   1
 2  62
 3  28

 4  27

 5  36
 6  44
 7   6
 8  55

 9  20

10   3
11  10
12  43
13  25

14  39

15  41
16  45
17  15
18  21

19   8

20  18
21   2
22  61
23  56

24  14



static const uint8_t rho[25] = { 0, 1, 62, 28, 27, 36, 44, 6, 55, 20, 3, 10, 43, 25, 39, 41, 45, 15, 21, 8, 18, 2, 61, 56, 14 };
